1 0.3732460266602541 0.33333303635580497 0.04776268540498968 0.035087599566108296
1 0.4894791413882452 0.3330594863285098 0.021041717223509504 0.03728072894246953
1 0.34602483623252367 0.47574030072019813 0.04408819164207317 0.04084404361875438
1 0.6393871183827794 0.26252380862561475 0.052067709610601184 0.06793989415607676
3 0.5856998160399782 0.04696337678093573 0.04882943648037533 0.0569816679228972
3 0.8015692292248128 0.023168409064776015 0.040607994090994026 0.04633681812955203
0 0.15793013059964744 0.7545733722608263 0.10080675924977953 0.1189026772612479
0 0.38776879413153537 0.7157013926927637 0.09005415824151808 0.09603683723182216
0 0.27486527222459034 0.8086890243902439 0.06586063292718702 0.08384119264963197
1 0.463709815215039 0.7736281377558665 0.07258036956992198 0.07164611844573077
1 0.9053355944800392 0.6952545915909056 0.055953641952286304 0.03685054824562112
1 0.9459991256525242 0.7559647969704039 0.05074818101732781 0.030487961632575833
1 0.9731614578832801 0.7146075573351831 0.040663531172485 0.027306378203763193
1 0.5600191710750702 0.5698566298343217 0.03090485552339175 0.023595082671366716
1 0.5762848218075238 0.6568132345648611 0.030904855523391755 0.023595065605349658
1 0.6195516791061372 0.671659508919539 0.030904855523391755 0.023595065605349658
1 0.7838321752802614 0.6705989754212623 0.030904855523391783 0.023595065605349658
1 0.8212428145697153 0.6695384589890028 0.030904855523391728 0.023595065605349658
